-------------
savePerson()
-------------
flexService.getOperation("sayHello").send("Trung");
-------------
Captured binary
-------------
<<0,3,0,0,0,1,0,4,110,117,108,108,0,2,47,49,0,0,0,224,10,0,0,0,
1,17,10,129,19,77,102,108,101,120,46,109,101,115,115,97,103,
105,110,103,46,109,101,115,115,97,103,101,115,46,67,111,109,
109,97,110,100,77,101,115,115,97,103,101,19,111,112,101,114,
97,116,105,111,110,27,99,111,114,114,101,108,97,116,105,111,
110,73,100,19,109,101,115,115,97,103,101,73,100,15,104,101,97,
100,101,114,115,9,98,111,100,121,17,99,108,105,101,110,116,73,
100,21,116,105,109,101,84,111,76,105,118,101,19,116,105,109,
101,115,116,97,109,112,23,100,101,115,116,105,110,97,116,105,
111,110,4,5,6,1,6,73,69,65,54,48,50,50,51,57,45,57,50,66,70,
45,55,52,66,66,45,70,49,68,50,45,49,48,55,48,50,57,52,68,52,
49,52,49,10,11,1,9,68,83,73,100,6,7,110,105,108,37,68,83,77,
101,115,115,97,103,105,110,103,86,101,114,115,105,111,110,4,1,
1,10,5,1,1,4,0,4,0,6,1>>
